0,0020 244 17,10 20,00
0,0015 173 10,62 16,16
0,0015 199 6,04 16,95
0,0015 123 11,29 18,53
0,0020 222 20,90 26,90
0,0015 106 8,10 20,52
0,0015 175 11,66 21,03
0,0020 223 22,00 29,20
0,0020 222 22,40 30,20
0,0015 100 12,32 23,54
0,0020 222 23,20 32,90
0,0020 243 22,80 33,00
0,0015 157 12,98 25,13
0,0015 180 14,77 28,00
0,0021 253 16,90 40,70
0,0020 245 24,50 39,90
0,0015 400 6,09 31,02
0,0021 252 24,90 45,00
0,0015 199 14,41 33,15
0,0021 252 26,20 55,80
0,0015 168 15,82 46,10
0,0020 258 25,20 62,30